0000000000000000000000000000000000000000000000000000000000000000
0000000000000000000000000000000000000000000000000000000000000000
0000000000000000000000000000000000000000000000000000000000000000
0000000000000000000000000000000000000000000000000000000000000000
0000000000000000000000000000000000000000000000000000000000000000
0000000000000000000000000000000000000000000000000000000000000000
0000000000000000000000000000000000000000000000000000000000000000
0000000000000000000000000000000000000000000000000000000000000000
0000000000000000000000000000000000000000000000000000000000000000
0000000000000000000000000000000000000000000000000000000000000000
0000000000000000000000000000000000000000000000000000000000000000
0000000000000000000000000000000000000000000000000000000000000000
0000000000000000000000000000000000000000000000000000000000000000
0000000000000000000000000000000000000000000000000000000000000000
0000000000000000000000000000000000000000000000000000000000000000
0000000000000000000000000000000000000000000000000000000000000000
0000000000000000000000000000000000000000000000000000000000000000
4222222222222222222222222222222222222222222222222222220000000000
0000000000000000000000000000000000000000000000000000002000000000
0000000000000000000000000000000000000000000000000000000200000000
0000000000000000000000000000000000000000000000000000000020000000
0000000000000000000000000000000000000000000000000000000002000000
0000000000000000000000000011111110000000000000000000000000200000
0000000000000000000000001111111110000000000000000000000000030000
0000000000000000000000111111111110000000000000000000000000000000
0000000000000000000000111111111110000000000000000000000000000000
0000000000000000000000111111111110000000000000000000000000000000
0000000000000000000000111111111110000000000000000000000000000000
0000000000000000000000111111111110000000000000000000000000000000
0000000000000000000000111111111110000000000000000000000000000000
0000000000000000000000111111111110000000000000000000000000000000
0000000000000000000000000000000000000000000000000000000000000000
0000000000000000000000000000000000000000000000000000000000000000
0000000000000000000000000000000000000000000000000000000000000000
0000000000000000000000000000000000000000000000000000000000000000
0000000000000000000000000000000000000000000000000000000000000000