000000000000000000000000000000000000000000000000000000000000
000000000000000000000000000000000000000000000000000000000000
000000000000000000000000000000000000000000000000000000000000
000000000000000000000000000000000000000000000000000000000000
000000000000000000000000000000100000000000000000000000000000
000000000000000000000000000000100000000000000000000000000000
000000000000000000000000000000100000000000000000000000000000
000000000000000000000000000000100000000000000000000000000000
000000000000000000000000000000100000000000000000000000000000
000000000000000000000000000000100000000000000000000000000000
000000000000000000000000000000100000000000000000000000000000
000000000000000000000000000000100000000000000000000000000000
000000000000000000000000000000100000000000000000000000000000
000000000000000000000000000000100000000000000000000000000000
000000000000000000000000000000100000000000000000000000000000
000000000000000000000000000000100000000000000000000000000000
422222000000000000000000000000100000000000000000000000000000
000000211111111111111111111111111111111111111111111100000020
000000022222222222220000000000100000000000000000000000000203
000000000000000000002000000000100000000000000000000000002000
000000000000000000000200000000100000000000000000000000020000
000000000000000000000020000000100000000000000000000000200000
000000000000000000000002000000100000000000000000000002000000
000000000000000000000000200000100000000000000000000020000000
000000000000000000000000020000100000000000000000000200000000
000000000000000000000000002000100000000000000000002000000000
000000000000000000000000000200100000000000000000020000000000
000000000000000000000000000020100000000000000000200000000000
000000000000000000000000000002122222222222222222000000000000
000000000000000000000000000000200000000000000020000000000000
000000000000000000000000000000000000000000000000000000000000
000000000000000000000000000000000000000000000000000000000000
000000000000000000000000000000000000000000000000000000000000
000000000000000000000000000000000000000000000000000000000000 
